       -3200   442055.17709517531     
       -3199   0.0000000000000000     
       -3198   0.0000000000000000     
       -3197   0.0000000000000000     
       -3196   442064.75260736205     
       -3195   0.0000000000000000     
       -3194   442065.48835367005     
       -3193   442067.60547231452     
       -3192   442073.69995614019     
       -3191   442069.40734516364     
       -3190   442075.08349534939     
       -3189   442077.15916343982     
       -3188   442082.20488822029     
       -3187   442079.29369622952     
       -3186   442084.00234249805     
       -3185   442086.04399356421     
       -3184   442090.35222949466     
       -3183   442088.38680011354     
       -3182   442092.51382483303     
       -3181   442094.51800572540     
       -3180   442098.30138716643     
       -3179   442097.01164494868     
       -3178   442100.68564815191     
       -3177   442102.71210909984     
       -3176   442106.08183066576     
       -3175   442105.36628319102     
       -3174   442108.72038551042     
       -3173   442110.69759562099     
       -3172   442113.79633189255     
       -3171   442113.50652786635     
       -3170   442116.60412433912     
       -3169   442118.48097215750     
       -3168   442121.31557713635     
       -3167   442121.42668119946     
       -3166   442124.23955042742     
       -3165   442126.16620224348     
       -3164   442128.68697550549     
       -3163   442129.15709232376     
       -3162   442131.84325255873     
       -3161   442133.63789942040     
       -3160   442136.01678377501     
       -3159   442136.82778053806     
       -3158   442139.28978912672     
       -3157   442141.07593868324     
       -3156   442143.26133919630     
       -3155   442144.28029487515     
       -3154   442146.58936593885     
       -3153   442148.40911364544     
       -3152   442150.49861804204     
       -3151   442151.65147210285     
       -3150   442153.87141200510     
       -3149   442155.61760902463     
       -3148   442157.63899543928     
       -3147   442158.96360962419     
       -3146   442161.05624369410     
       -3145   442162.77278425649     
       -3144   442164.70925122109     
       -3143   442166.16199401038     
       -3142   442168.20422447188     
       -3141   442169.89848593064     
       -3140   442171.75684519886     
       -3139   442173.32387368684     
       -3138   442175.25806990132     
       -3137   442176.94957497757     
       -3136   442178.75615195947     
       -3135   442180.37206052517     
       -3134   442182.24124174484     
       -3133   442183.96680194087     
       -3132   442185.72189107694     
       -3131   442187.34709795174     
       -3130   442189.18314953230     
       -3129   442190.91966180172     
       -3128   442192.59356562031     
       -3127   442194.31062276667     
       -3126   442196.09686891187     
       -3125   442197.80134496879     
       -3124   442199.48975276010     
       -3123   442201.18759819132     
       -3122   442202.95523217408     
       -3121   442204.63263339491     
       -3120   442206.34505472332     
       -3119   442208.02290009207     
       -3118   442209.77590071294     
       -3117   442211.42948849540     
       -3116   442213.15518583392     
       -3115   442214.85093183268     
       -3114   442216.55062171700     
       -3113   442218.21517418337     
       -3112   442219.90086797520     
       -3111   442221.62405489833     
       -3110   442223.30710514390     
       -3109   442224.98879108066     
       -3108   442226.65741291910     
       -3107   442228.31375395897     
       -3106   442230.01525623526     
       -3105   442231.69406958442     
       -3104   442233.34916476073     
       -3103   442235.01366301283     
       -3102   442236.70624004269     
       -3101   442238.34737927595     
       -3100   442240.03961867344     
       -3099   442241.68926765892     
       -3098   442243.35985795310     
       -3097   442244.99541357480     
       -3096   442246.66760136961     
       -3095   442248.32743215997     
       -3094   442249.96385318169     
       -3093   442251.61414824688     
       -3092   442253.27517782437     
       -3091   442254.90657354856     
       -3090   442256.57027141529     
       -3089   442258.20946483011     
       -3088   442259.86210065632     
       -3087   442261.48236314359     
       -3086   442263.12943244627     
       -3085   442264.76479060785     
       -3084   442266.39210890973     
       -3083   442268.03527595883     
       -3082   442269.65002797125     
       -3081   442271.28282821819     
       -3080   442272.92047276709     
       -3079   442274.52830885572     
       -3078   442276.16024144896     
       -3077   442277.78828740533     
       -3076   442279.41829417599     
       -3075   442281.02570557024     
       -3074   442282.63267591276     
       -3073   442284.26152932271     
       -3072   442285.88236060448     
       -3071   442287.47924072185     
       -3070   442289.10088682378     
       -3069   442290.71380761580     
       -3068   442292.31598017062     
       -3067   442293.92670556193     
       -3066   442295.53109352215     
       -3065   442297.14677009569     
       -3064   442298.74784252787     
       -3063   442300.36260866298     
       -3062   442301.94812784222     
       -3061   442303.55242315721     
       -3060   442305.16984473093     
       -3059   442306.76794211339     
       -3058   442308.36099040764     
       -3057   442309.94822496612     
       -3056   442311.55518150312     
       -3055   442313.14681365690     
       -3054   442314.73149496189     
       -3053   442316.32575850736     
       -3052   442317.90019216109     
       -3051   442319.48596164235     
       -3050   442321.09288856329     
       -3049   442322.67760348611     
       -3048   442324.26526945777     
       -3047   442325.84745547734     
       -3046   442327.43411100801     
       -3045   442329.00911319046     
       -3044   442330.58981018880     
       -3043   442332.16552408697     
       -3042   442333.75918008847     
       -3041   442335.30848443112     
       -3040   442336.89661077666     
       -3039   442338.46738719410     
       -3038   442340.04417788429     
       -3037   442341.59995495621     
       -3036   442343.18994352466     
       -3035   442344.75365565484     
       -3034   442346.32452436577     
       -3033   442347.90832417709     
       -3032   442349.47109541227     
       -3031   442351.02812339627     
       -3030   442352.59731649392     
       -3029   442354.16899746831     
       -3028   442355.72393730131     
       -3027   442357.29413603665     
       -3026   442358.83560573938     
       -3025   442360.41112333944     
       -3024   442361.94781953591     
       -3023   442363.50954830105     
       -3022   442365.07731711434     
       -3021   442366.62584310275     
       -3020   442368.17344721383     
       -3019   442369.72380842868     
       -3018   442371.29170144215     
       -3017   442372.82110449643     
       -3016   442374.37744143890     
       -3015   442375.93006106821     
       -3014   442377.47777036624     
       -3013   442379.01363192074     
       -3012   442380.56948197645     
       -3011   442382.11157255783     
       -3010   442383.66772511433     
       -3009   442385.20484538260     
       -3008   442386.73933042487     
       -3007   442388.28995271632     
       -3006   442389.81185363454     
       -3005   442391.37545870937     
       -3004   442392.89352136763     
       -3003   442394.45645395998     
       -3002   442395.99213660392     
       -3001   442397.51345543237     
       -3000   442399.05327343236     
       -2999   442400.58551468980     
       -2998   442402.12652851484     
       -2997   442403.66515032155     
       -2996   442405.19333747576     
       -2995   442406.73341353552     
       -2994   442408.25249878841     
       -2993   442409.79785822949     
       -2992   442411.31961685221     
       -2991   442412.84788199555     
       -2990   442414.38106948201     
       -2989   442415.90393192763     
       -2988   442417.43498981779     
       -2987   442418.95675332582     
       -2986   442420.48670607217     
       -2985   442422.00414799590     
       -2984   442423.52902823355     
       -2983   442425.05065345688     
       -2982   442426.58234295144     
       -2981   442428.09845048963     
       -2980   442429.61245514103     
       -2979   442431.14057760348     
       -2978   442432.65591968829     
       -2977   442434.17851379502     
       -2976   442435.68922885647     
       -2975   442437.21423391864     
       -2974   442438.72927295225     
       -2973   442440.23966495745     
       -2972   442441.76405515888     
       -2971   442443.25749987189     
       -2970   442444.78415097576     
       -2969   442446.30235025124     
       -2968   442447.80584982364     
       -2967   442449.31994169398     
       -2966   442450.82896173972     
       -2965   442452.35392747837     
       -2964   442453.84812003979     
       -2963   442455.36988495738     
       -2962   442456.88501186128     
       -2961   442458.38332027174     
       -2960   442459.88258277596     
       -2959   442461.39430912927     
       -2958   442462.90352384874     
       -2957   442464.40373159002     
       -2956   442465.91798953607     
       -2955   442467.42097438616     
       -2954   442468.92806560732     
       -2953   442470.43348478398     
       -2952   442471.93621020432     
       -2951   442473.44581964356     
       -2950   442474.94671199116     
       -2949   442476.43815378542     
       -2948   442477.94812596677     
       -2947   442479.45749574935     
       -2946   442480.95231582935     
       -2945   442482.45358478941     
       -2944   442483.95447054278     
       -2943   442485.46244797262     
       -2942   442486.94386702980     
       -2941   442488.43757805432     
       -2940   442489.94278636680     
       -2939   442491.44262134336     
       -2938   442492.92063012382     
       -2937   442494.42509756755     
       -2936   442495.93059749994     
       -2935   442497.40410125302     
       -2934   442498.90884787450     
       -2933   442500.39857101662     
       -2932   442501.90065511415     
       -2931   442503.39996363496     
       -2930   442504.87075020350     
       -2929   442506.36865655135     
       -2928   442507.86581692012     
       -2927   442509.35488931369     
       -2926   442510.85457089357     
       -2925   442512.34693275840     
       -2924   442513.80891542911     
       -2923   442515.31752954161     
       -2922   442516.79507882864     
       -2921   442518.29175117967     
       -2920   442519.76612544776     
       -2919   442521.24829134269     
       -2918   442522.73108282761     
       -2917   442524.21531268634     
       -2916   442525.69714049838     
       -2915   442527.18470453942     
       -2914   442528.65973331878     
       -2913   442530.14608882909     
       -2912   442531.61896545399     
       -2911   442533.10878589336     
       -2910   442534.59085974051     
       -2909   442536.08260589512     
       -2908   442537.55922948936     
       -2907   442539.04648336023     
       -2906   442540.51647383563     
       -2905   442541.99999120372     
       -2904   442543.46999585885     
       -2903   442544.95159684535     
       -2902   442546.43658508960     
       -2901   442547.90724600293     
       -2900   442549.38989775616     
       -2899   442550.86415887432     
       -2898   442552.34027047723     
       -2897   442553.83011165954     
       -2896   442555.30222974520     
       -2895   442556.77178780199     
       -2894   442558.24012639065     
       -2893   442559.73026118177     
       -2892   442561.19334343559     
       -2891   442562.66432531411     
       -2890   442564.15723532555     
       -2889   442565.63331509480     
       -2888   442567.10416708479     
       -2887   442568.57391669537     
       -2886   442570.03792164708     
       -2885   442571.51645797875     
       -2884   442572.99610984972     
       -2883   442574.46512056200     
       -2882   442575.94262717140     
       -2881   442577.41783646011     
       -2880   442578.87165333237     
       -2879   442580.35605819343     
       -2878   442581.81832282600     
       -2877   442583.29507401510     
       -2876   442584.76546608441     
       -2875   442586.23060401261     
       -2874   442587.68724265369     
       -2873   442589.14536878595     
       -2872   442590.63665956038     
       -2871   442592.09526478749     
       -2870   442593.55103953794     
       -2869   442595.03587735136     
       -2868   442596.49959250470     
       -2867   442597.96459782886     
       -2866   442599.41470968333     
       -2865   442600.89267192152     
       -2864   442602.34758938797     
       -2863   442603.79879964434     
       -2862   442605.26576262788     
       -2861   442606.73676397372     
       -2860   442608.19035933097     
       -2859   442609.64557003113     
       -2858   442611.09985382285     
       -2857   442612.56813346455     
       -2856   442614.03437264531     
       -2855   442615.48267911805     
       -2854   442616.94216893258     
       -2853   442618.39798968058     
       -2852   442619.85232845013     
       -2851   442621.31271793082     
       -2850   442622.77390952117     
       -2849   442624.23189401958     
       -2848   442625.68895859108     
       -2847   442627.13837710337     
       -2846   442628.59339866374     
       -2845   442630.04953747604     
       -2844   442631.50416527560     
       -2843   442632.96572857664     
       -2842   442634.41900925594     
       -2841   442635.86541203054     
       -2840   442637.32751212415     
       -2839   442638.78088207840     
       -2838   442640.23250677891     
       -2837   442641.69518456806     
       -2836   442643.14610330731     
       -2835   442644.60025726107     
       -2834   442646.04684456304     
       -2833   442647.49403920450     
       -2832   442648.96805890382     
       -2831   442650.41044871137     
       -2830   442651.86887372495     
       -2829   442653.31742937386     
       -2828   442654.77800716733     
       -2827   442656.23030803801     
       -2826   442657.68072835443     
       -2825   442659.12697731331     
       -2824   442660.57744376996     
       -2823   442662.02110183996     
       -2822   442663.47188004176     
       -2821   442664.92013993929     
       -2820   442666.37009648018     
       -2819   442667.81651521643     
       -2818   442669.26558441721     
       -2817   442670.71032977436     
       -2816   442672.15787468065     
       -2815   442673.60570173140     
       -2814   442675.05014536594     
       -2813   442676.49628216150     
       -2812   442677.95143501536     
       -2811   442679.39512881963     
       -2810   442680.84511692286     
       -2809   442682.28433765733     
       -2808   442683.73606775817     
       -2807   442685.18721908645     
       -2806   442686.62096366502     
       -2805   442688.07122773654     
       -2804   442689.51651990553     
       -2803   442690.95452171826     
       -2802   442692.40746929438     
       -2801   442693.84104680707     
       -2800   442695.28424056631     
       -2799   442696.73187746824     
       -2798   442698.18253563478     
       -2797   442699.62050578248     
       -2796   442701.06332306674     
       -2795   442702.51184614719     
       -2794   442703.95156962663     
       -2793   442705.38908007374     
       -2792   442706.83238681854     
       -2791   442708.27666811465     
       -2790   442709.71668221406     
       -2789   442711.15036529431     
       -2788   442712.58540549164     
       -2787   442714.02901838341     
       -2786   442715.47073939897     
       -2785   442716.90212882322     
       -2784   442718.34241727227     
       -2783   442719.78157796711     
       -2782   442721.23710232828     
       -2781   442722.65671362652     
       -2780   442724.10621630837     
       -2779   442725.54225089896     
       -2778   442726.97811864881     
       -2777   442728.41983873502     
       -2776   442729.85795477423     
       -2775   442731.30138690188     
       -2774   442732.74226596707     
       -2773   442734.18190023059     
       -2772   442735.61453953898     
       -2771   442737.05532856728     
       -2770   442738.49224990810     
       -2769   442739.92776954861     
       -2768   442741.36555381416     
       -2767   442742.80282512493     
       -2766   442744.23189568083     
       -2765   442745.66943273373     
       -2764   442747.10984136717     
       -2763   442748.54892315064     
       -2762   442749.97939629172     
       -2761   442751.41113628290     
       -2760   442752.83228132367     
       -2759   442754.26886504563     
       -2758   442755.70494438632     
       -2757   442757.13687188737     
       -2756   442758.56906146748     
       -2755   442760.00385915826     
       -2754   442761.43968719989     
       -2753   442762.86804834829     
       -2752   442764.30864311027     
       -2751   442765.73636229686     
       -2750   442767.16374889598     
       -2749   442768.59440123610     
       -2748   442770.03994878317     
       -2747   442771.46860112163     
       -2746   442772.89359173778     
       -2745   442774.32758847781     
       -2744   442775.76204931957     
       -2743   442777.18757232430     
       -2742   442778.62488346937     
       -2741   442780.05777968164     
       -2740   442781.48587368481     
       -2739   442782.91737645637     
       -2738   442784.34763946285     
       -2737   442785.77461539954     
       -2736   442787.19738859241     
       -2735   442788.63309122389     
       -2734   442790.05729265499     
       -2733   442791.49498345447     
       -2732   442792.92313024640     
       -2731   442794.35330538696     
       -2730   442795.78029192920     
       -2729   442797.21089047933     
       -2728   442798.64743727638     
       -2727   442800.08226548374     
       -2726   442801.50735731877     
       -2725   442802.93903914024     
       -2724   442804.36975610349     
       -2723   442805.79953727714     
       -2722   442807.23560050374     
       -2721   442808.66167126072     
       -2720   442810.07703597029     
       -2719   442811.50780679879     
       -2718   442812.93742976163     
       -2717   442814.36315589369     
       -2716   442815.79006672045     
       -2715   442817.21829673147     
       -2714   442818.65150301228     
       -2713   442820.07336774276     
       -2712   442821.50453898008     
       -2711   442822.92188303149     
       -2710   442824.35533513076     
       -2709   442825.77871436771     
       -2708   442827.20920911827     
       -2707   442828.62978112296     
       -2706   442830.04816919484     
       -2705   442831.47576917720     
       -2704   442832.89810548467     
       -2703   442834.32508221985     
       -2702   442835.74697304616     
       -2701   442837.17181573412     
       -2700   442838.59816232655     
       -2699   442840.02600287268     
       -2698   442841.44568546815     
       -2697   442842.86785652715     
       -2696   442844.29436099797     
       -2695   442845.71701056504     
       -2694   442847.15196777438     
       -2693   442848.56819770794     
       -2692   442850.00899808912     
       -2691   442851.43533457979     
       -2690   442852.84856469132     
       -2689   442854.27673567767     
       -2688   442855.71077356586     
       -2687   442857.13118274329     
       -2686   442858.54552031745     
       -2685   442859.97170672164     
       -2684   442861.39767974312     
       -2683   442862.82894947188     
       -2682   442864.25342354726     
       -2681   442865.67094796820     
       -2680   442867.09953485592     
       -2679   442868.52490539593     
       -2678   442869.94929173100     
       -2677   442871.36964582466     
       -2676   442872.79290968640     
       -2675   442874.21737473638     
       -2674   442875.63552057924     
       -2673   442877.06957538513     
       -2672   442878.48842051235     
       -2671   442879.90782093245     
       -2670   442881.33062520949     
       -2669   442882.76043294882     
       -2668   442884.16440145514     
       -2667   442885.60083545168     
       -2666   442887.01711852575     
       -2665   442888.44055333256     
       -2664   442889.86924466398     
       -2663   442891.28468623752     
       -2662   442892.70688342740     
       -2661   442894.12556356826     
       -2660   442895.54126646894     
       -2659   442896.96489488165     
       -2658   442898.39154788060     
       -2657   442899.81467585132     
       -2656   442901.22746467253     
       -2655   442902.65035551979     
       -2654   442904.06722821895     
       -2653   442905.48539146897     
       -2652   442906.91592421144     
       -2651   442908.34197115322     
       -2650   442909.76290482772     
       -2649   442911.18432227266     
       -2648   442912.60500683339     
       -2647   442914.03909489786     
       -2646   442915.45209470234     
       -2645   442916.87742457702     
       -2644   442918.30027216527     
       -2643   442919.71520627156     
       -2642   442921.14048738527     
       -2641   442922.57055800379     
       -2640   442923.98633658816     
       -2639   442925.40304669051     
       -2638   442926.82310202072     
       -2637   442928.24518607114     
       -2636   442929.66264443891     
       -2635   442931.08431900141     
       -2634   442932.50450844248     
       -2633   442933.92498091882     
       -2632   442935.33372567035     
       -2631   442936.76070291823     
       -2630   442938.18092740350     
       -2629   442939.59924134897     
       -2628   442941.01417797181     
       -2627   442942.43336391845     
       -2626   442943.85936473357     
       -2625   442945.27543908602     
       -2624   442946.69566740678     
       -2623   442948.12228391512     
       -2622   442949.53938857344     
       -2621   442950.96086300135     
       -2620   442952.37725587236     
       -2619   442953.78958919540     
       -2618   442955.21291565133     
       -2617   442956.62921327271     
       -2616   442958.05225574208     
       -2615   442959.47009640426     
       -2614   442960.88728226355     
       -2613   442962.31162949576     
       -2612   442963.72677283850     
       -2611   442965.14631929080     
       -2610   442966.56798395375     
       -2609   442967.98366252700     
       -2608   442969.40591321001     
       -2607   442970.82839055534     
       -2606   442972.23982013529     
       -2605   442973.65726849542     
       -2604   442975.07627850404     
       -2603   442976.49190796376     
       -2602   442977.90500101069     
       -2601   442979.32708233752     
       -2600   442980.73787534353     
       -2599   442982.15825195092     
       -2598   442983.57458212628     
       -2597   442984.99261307070     
       -2596   442986.41161867970     
       -2595   442987.83291580912     
       -2594   442989.24506664282     
       -2593   442990.65708212985     
       -2592   442992.07183109637     
       -2591   442993.49037797190     
       -2590   442994.90042555681     
       -2589   442996.31393569690     
       -2588   442997.73432205943     
       -2587   442999.15381109074     
       -2586   443000.56183979526     
       -2585   443001.97350100469     
       -2584   443003.39190543641     
       -2583   443004.81023068068     
       -2582   443006.22915139969     
       -2581   443007.63886224187     
       -2580   443009.06256669271     
       -2579   443010.48155058397     
       -2578   443011.89888628252     
       -2577   443013.31388967164     
       -2576   443014.73230016499     
       -2575   443016.15763505973     
       -2574   443017.57151273836     
       -2573   443018.98974513437     
       -2572   443020.40326115623     
       -2571   443021.82190590916     
       -2570   443023.23713983217     
       -2569   443024.64836712170     
       -2568   443026.05788291659     
       -2567   443027.47110350919     
       -2566   443028.89360289299     
       -2565   443030.31033097673     
       -2564   443031.72602554562     
       -2563   443033.14549268206     
       -2562   443034.55210314580     
       -2561   443035.97652834031     
       -2560   443037.39086319844     
       -2559   443038.80342958594     
       -2558   443040.22121410805     
       -2557   443041.63588929171     
       -2556   443043.05583699513     
       -2555   443044.47633830702     
       -2554   443045.88736009778     
       -2553   443047.30819410796     
       -2552   443048.72623063391     
       -2551   443050.14040135057     
       -2550   443051.55893946701     
       -2549   443052.96963760944     
       -2548   443054.38560668082     
       -2547   443055.80909170187     
       -2546   443057.21984606615     
       -2545   443058.63294127042     
       -2544   443060.05558880279     
       -2543   443061.47320894833     
       -2542   443062.88379380590     
       -2541   443064.30533022207     
       -2540   443065.72762313415     
       -2539   443067.13541468867     
       -2538   443068.55051104719     
       -2537   443069.97130892723     
       -2536   443071.38643056422     
       -2535   443072.80484511901     
       -2534   443074.22348164307     
       -2533   443075.64144627925     
       -2532   443077.06124273868     
       -2531   443078.47480249213     
       -2530   443079.88899072190     
       -2529   443081.30430556484     
       -2528   443082.72307702736     
       -2527   443084.13557878946     
       -2526   443085.54910613591     
       -2525   443086.96976669051     
       -2524   443088.38284127187     
       -2523   443089.80390057538     
       -2522   443091.21488384739     
       -2521   443092.63898899523     
       -2520   443094.04986413626     
       -2519   443095.46058981534     
       -2518   443096.86824573355     
       -2517   443098.28856474900     
       -2516   443099.71057764860     
       -2515   443101.12337636173     
       -2514   443102.53346045327     
       -2513   443103.94904303446     
       -2512   443105.36415642471     
       -2511   443106.77992213413     
       -2510   443108.19359679788     
       -2509   443109.60964278941     
       -2508   443111.03135895293     
       -2507   443112.44569976546     
       -2506   443113.86057939008     
       -2505   443115.27570113988     
       -2504   443116.69040160393     
       -2503   443118.10975910304     
       -2502   443119.52606616914     
       -2501   443120.94344230060     
       -2500   443122.35146225622     
       -2499   443123.77216253063     
       -2498   443125.19114103448     
       -2497   443126.61320269195     
       -2496   443128.02592236106     
       -2495   443129.44383574137     
       -2494   443130.86167833593     
       -2493   443132.27120378992     
       -2492   443133.69458687684     
       -2491   443135.10146722285     
       -2490   443136.51829102280     
       -2489   443137.94142018264     
       -2488   443139.36267537222     
       -2487   443140.77015914896     
       -2486   443142.17810641095     
       -2485   443143.59388010675     
       -2484   443145.01069533214     
       -2483   443146.42266137869     
       -2482   443147.84378067876     
       -2481   443149.26006650692     
       -2480   443150.67306119308     
       -2479   443152.08950175438     
       -2478   443153.50676905736     
       -2477   443154.92260440608     
       -2476   443156.33917609096     
       -2475   443157.75520767528     
       -2474   443159.16830583592     
       -2473   443160.58427407971     
       -2472   443161.99948904919     
       -2471   443163.41666023328     
       -2470   443164.83208740928     
       -2469   443166.24106462055     
       -2468   443167.65365936537     
       -2467   443169.07133817300     
       -2466   443170.48320467456     
       -2465   443171.90061847225     
       -2464   443173.31581151852     
       -2463   443174.72685917292     
       -2462   443176.13866119023     
       -2461   443177.55116713262     
       -2460   443178.96835274488     
       -2459   443180.38404838217     
       -2458   443181.79505621502     
       -2457   443183.20872027677     
       -2456   443184.62483217590     
       -2455   443186.04516230192     
       -2454   443187.46324210981     
       -2453   443188.87715591671     
       -2452   443190.29017897527     
       -2451   443191.70379131322     
       -2450   443193.11809862196     
       -2449   443194.53121918836     
       -2448   443195.94881189923     
       -2447   443197.36159656383     
       -2446   443198.78596988722     
       -2445   443200.19271384808     
       -2444   443201.60729928431     
       -2443   443203.02285018173     
       -2442   443204.43885896733     
       -2441   443205.84872024501     
       -2440   443207.26360572880     
       -2439   443208.68356751237     
       -2438   443210.09547250037     
       -2437   443211.51544134237     
       -2436   443212.92908738391     
       -2435   443214.33879226592     
       -2434   443215.75400867045     
       -2433   443217.18004081747     
       -2432   443218.58324403543     
       -2431   443219.99982919474     
       -2430   443221.42057976301     
       -2429   443222.83042054938     
       -2428   443224.24932885345     
       -2427   443225.66991909972     
       -2426   443227.08505991241     
       -2425   443228.49511896935     
       -2424   443229.91090781312     
       -2423   443231.32295299316     
       -2422   443232.74459349830     
       -2421   443234.15764374158     
       -2420   443235.57167101168     
       -2419   443236.98946090310     
       -2418   443238.40560034104     
       -2417   443239.81665157730     
       -2416   443241.23382635281     
       -2415   443242.64556304587     
       -2414   443244.06327806518     
       -2413   443245.47547095222     
       -2412   443246.89083564270     
       -2411   443248.30269427859     
       -2410   443249.71442676062     
       -2409   443251.13295768417     
       -2408   443252.54611568397     
       -2407   443253.96071171033     
       -2406   443255.38193793438     
       -2405   443256.80677034816     
       -2404   443258.21939847141     
       -2403   443259.62999945862     
       -2402   443261.03768074431     
       -2401   443262.45521861519     
       -2400   443263.86705079477     
       -2399   443265.27956270677     
       -2398   443266.69956343819     
       -2397   443268.11182070238     
       -2396   443269.51866970205     
       -2395   443270.94016888662     
       -2394   443272.35893010331     
       -2393   443273.77180142311     
       -2392   443275.19034054602     
       -2391   443276.60901210824     
       -2390   443278.02439327020     
       -2389   443279.43613435293     
       -2388   443280.84721619770     
       -2387   443282.26450123225     
       -2386   443283.67849000747     
       -2385   443285.08943299926     
       -2384   443286.51516056468     
       -2383   443287.92743450409     
       -2382   443289.34406484786     
       -2381   443290.76015981106     
       -2380   443292.17148823867     
       -2379   443293.59147610521     
       -2378   443295.00924656604     
       -2377   443296.42917686939     
       -2376   443297.85218716034     
       -2375   443299.26340337517     
       -2374   443300.67360919504     
       -2373   443302.09254838433     
       -2372   443303.50969120942     
       -2371   443304.92118779739     
       -2370   443306.34109555156     
       -2369   443307.75367648801     
       -2368   443309.17199351452     
       -2367   443310.59184847929     
       -2366   443312.00573069655     
       -2365   443313.42689623724     
       -2364   443314.84031220817     
       -2363   443316.25626164605     
       -2362   443317.67042497522     
       -2361   443319.08858858142     
       -2360   443320.50336555555     
       -2359   443321.91567003238     
       -2358   443323.32644802879     
       -2357   443324.74315229367     
       -2356   443326.16403317213     
       -2355   443327.57318409398     
       -2354   443328.98598304525     
       -2353   443330.39741538675     
       -2352   443331.81594701187     
       -2351   443333.23324695759     
       -2350   443334.65215716680     
       -2349   443336.06601802888     
       -2348   443337.47982693213     
       -2347   443338.89365477144     
       -2346   443340.30960004125     
       -2345   443341.72593166394     
       -2344   443343.13776179746     
       -2343   443344.55664723279     
       -2342   443345.97565819154     
       -2341   443347.38759467413     
       -2340   443348.79928211484     
       -2339   443350.21961880446     
       -2338   443351.63462278119     
       -2337   443353.04896250641     
       -2336   443354.46701263561     
       -2335   443355.88298899290     
       -2334   443357.30527903640     
       -2333   443358.71242045279     
       -2332   443360.13233643043     
       -2331   443361.55194582161     
       -2330   443362.97426983435     
       -2329   443364.38427857280     
       -2328   443365.80808269599     
       -2327   443367.21327897115     
       -2326   443368.63698786107     
       -2325   443370.05493320042     
       -2324   443371.47745175625     
       -2323   443372.88677410316     
       -2322   443374.31176900072     
       -2321   443375.72092468938     
       -2320   443377.14266482677     
       -2319   443378.55594765191     
       -2318   443379.97206433152     
       -2317   443381.39265934535     
       -2316   443382.81196235213     
       -2315   443384.22477739316     
       -2314   443385.63562108262     
       -2313   443387.05396017159     
       -2312   443388.47093515727     
       -2311   443389.88658154279     
       -2310   443391.30360313022     
       -2309   443392.72973708814     
       -2308   443394.14679050847     
       -2307   443395.56159647822     
       -2306   443396.97578934918     
       -2305   443398.40415870905     
       -2304   443399.81664140546     
       -2303   443401.23709454434     
       -2302   443402.65032553417     
       -2301   443404.06845886970     
       -2300   443405.48642959975     
       -2299   443406.90454861079     
       -2298   443408.31047193002     
       -2297   443409.72911666846     
       -2296   443411.14147787204     
       -2295   443412.56090703071     
       -2294   443413.96831272746     
       -2293   443415.38797621755     
       -2292   443416.80490385863     
       -2291   443418.22041492246     
       -2290   443419.63962032041     
       -2289   443421.05235096399     
       -2288   443422.47302988602     
       -2287   443423.89261710475     
       -2286   443425.30943829345     
       -2285   443426.72930793115     
       -2284   443428.14384257508     
       -2283   443429.56442578044     
       -2282   443430.97746686143     
       -2281   443432.39961540682     
       -2280   443433.80940599914     
       -2279   443435.22818259103     
       -2278   443436.64404355618     
       -2277   443438.05668443040     
       -2276   443439.47604527039     
       -2275   443440.89491447300     
       -2274   443442.31237512198     
       -2273   443443.73220695212     
       -2272   443445.14465066878     
       -2271   443446.55844118900     
       -2270   443447.97876606713     
       -2269   443449.39064198121     
       -2268   443450.80603149603     
       -2267   443452.21360882855     
       -2266   443453.62637977698     
       -2265   443455.04313004162     
       -2264   443456.45928783901     
       -2263   443457.87754181068     
       -2262   443459.29499982618     
       -2261   443460.71074619697     
       -2260   443462.12877998751     
       -2259   443463.54337435722     
       -2258   443464.95669757831     
       -2257   443466.37411504856     
       -2256   443467.79371957865     
       -2255   443469.20963776176     
       -2254   443470.62648709113     
       -2253   443472.04041806253     
       -2252   443473.45642401138     
       -2251   443474.87315530493     
       -2250   443476.29173687141     
       -2249   443477.70704005187     
       -2248   443479.12317616062     
       -2247   443480.53969968157     
       -2246   443481.96127233905     
       -2245   443483.37103277055     
       -2244   443484.78833628993     
       -2243   443486.20701275836     
       -2242   443487.62858182343     
       -2241   443489.03940834361     
       -2240   443490.46331689064     
       -2239   443491.87949103309     
       -2238   443493.29687572346     
       -2237   443494.71946033736     
       -2236   443496.13086761854     
       -2235   443497.54750070022     
       -2234   443498.96694952366     
       -2233   443500.38878762664     
       -2232   443501.80406840699     
       -2231   443503.21759217069     
       -2230   443504.62962972501     
       -2229   443506.05708854378     
       -2228   443507.46984495129     
       -2227   443508.89041934058     
       -2226   443510.30398027721     
       -2225   443511.72463666380     
       -2224   443513.14177172445     
       -2223   443514.56218290958     
       -2222   443515.97400768870     
       -2221   443517.38890711276     
       -2220   443518.80337045691     
       -2219   443520.22288922418     
       -2218   443521.64004613436     
       -2217   443523.06297680421     
       -2216   443524.48270432017     
       -2215   443525.90185058647     
       -2214   443527.31993505044     
       -2213   443528.73865143373     
       -2212   443530.16325567657     
       -2211   443531.57819275983     
       -2210   443532.99780511018     
       -2209   443534.41736273235     
       -2208   443535.83089698502     
       -2207   443537.24870726303     
       -2206   443538.66497160791     
       -2205   443540.08208082465     
       -2204   443541.49770706153     
       -2203   443542.91650211334     
       -2202   443544.33988995239     
       -2201   443545.76691544632     
       -2200   443547.18721912906     
       -2199   443548.60395748267     
       -2198   443550.01711072429     
       -2197   443551.44320998352     
       -2196   443552.86417096009     
       -2195   443554.28016865451     
       -2194   443555.69829900935     
       -2193   443557.11754050059     
       -2192   443558.53730797378     
       -2191   443559.95945257932     
       -2190   443561.37909939600     
       -2189   443562.79916486045     
       -2188   443564.22166494199     
       -2187   443565.64259157912     
       -2186   443567.06034878484     
       -2185   443568.48163890239     
       -2184   443569.90361290716     
       -2183   443571.32345927559     
       -2182   443572.74268040858     
       -2181   443574.16627947654     
       -2180   443575.58828935481     
       -2179   443577.00259998732     
       -2178   443578.42908929405     
       -2177   443579.85468310455     
       -2176   443581.27396487712     
       -2175   443582.68921084766     
       -2174   443584.10739604564     
       -2173   443585.52760219469     
       -2172   443586.94626875524     
       -2171   443588.36020589614     
       -2170   443589.78254004137     
       -2169   443591.19828895916     
       -2168   443592.61569416651     
       -2167   443594.03286082507     
       -2166   443595.45146193245     
       -2165   443596.87440357753     
       -2164   443598.29177578300     
       -2163   443599.71106472058     
       -2162   443601.12850103813     
       -2161   443602.54893713759     
       -2160   443603.97168923472     
       -2159   443605.39611241524     
       -2158   443606.81350567855     
       -2157   443608.23269674624     
       -2156   443609.64885825152     
       -2155   443611.07082929264     
       -2154   443612.48924560979     
       -2153   443613.90953376202     
       -2152   443615.33279215259     
       -2151   443616.75217885640     
       -2150   443618.17190520593     
       -2149   443619.59373545682     
       -2148   443621.01633461105     
       -2147   443622.43378392275     
       -2146   443623.85886953445     
       -2145   443625.27483398380     
       -2144   443626.69712200103     
       -2143   443628.11738955154     
       -2142   443629.54006522946     
       -2141   443630.95544791868     
       -2140   443632.37526914157     
       -2139   443633.79226234683     
       -2138   443635.21756219247     
       -2137   443636.63442784187     
       -2136   443638.05808392179     
       -2135   443639.47596142086     
       -2134   443640.89643719606     
       -2133   443642.31870089867     
       -2132   443643.73725778004     
       -2131   443645.16228093090     
       -2130   443646.57537113270     
       -2129   443647.99910014693     
       -2128   443649.41507780680     
       -2127   443650.84115810588     
       -2126   443652.25444487407     
       -2125   443653.67826757801     
       -2124   443655.10277277412     
       -2123   443656.52453983645     
       -2122   443657.94267029932     
       -2121   443659.36936893716     
       -2120   443660.78852448222     
       -2119   443662.20955758105     
       -2118   443663.63520992018     
       -2117   443665.05998402141     
       -2116   443666.47922742501     
       -2115   443667.90648338012     
       -2114   443669.32465651724     
       -2113   443670.73915574665     
       -2112   443672.16221171257     
       -2111   443673.58250368224     
       -2110   443674.99424811808     
       -2109   443676.42049124959     
       -2108   443677.83917378035     
       -2107   443679.26518136688     
       -2106   443680.68130721035     
       -2105   443682.10640796239     
       -2104   443683.53058401408     
       -2103   443684.96032999799     
       -2102   443686.37520248425     
       -2101   443687.79809702979     
       -2100   443689.22537681984     
       -2099   443690.64938419388     
       -2098   443692.07411443326     
       -2097   443693.48799963231     
       -2096   443694.91991548147     
       -2095   443696.33555146644     
       -2094   443697.76061956800     
       -2093   443699.17540716717     
       -2092   443700.60257619538     
       -2091   443702.02379930974     
       -2090   443703.44239006634     
       -2089   443704.86554354365     
       -2088   443706.28329279000     
       -2087   443707.70885882230     
       -2086   443709.13663045905     
       -2085   443710.55934943201     
       -2084   443711.98052044993     
       -2083   443713.40707807627     
       -2082   443714.83143711038     
       -2081   443716.24837762542     
       -2080   443717.67387641390     
       -2079   443719.09411617072     
       -2078   443720.50911526661     
       -2077   443721.93450820266     
       -2076   443723.35952229571     
       -2075   443724.78383662348     
       -2074   443726.20819564775     
       -2073   443727.62599865196     
       -2072   443729.04551351507     
       -2071   443730.47535415855     
       -2070   443731.89573088539     
       -2069   443733.31655702478     
       -2068   443734.73955815338     
       -2067   443736.16868234897     
       -2066   443737.58994647738     
       -2065   443739.01639003970     
       -2064   443740.44432594365     
       -2063   443741.86443409213     
       -2062   443743.29088751710     
       -2061   443744.71826611890     
       -2060   443746.14033359144     
       -2059   443747.56314279715     
       -2058   443748.98701283394     
       -2057   443750.41051704012     
       -2056   443751.83290482155     
       -2055   443753.25816962071     
       -2054   443754.67759028537     
       -2053   443756.10423206637     
       -2052   443757.53091423464     
       -2051   443758.95969498466     
       -2050   443760.38282867096     
       -2049   443761.80346419889     
       -2048   443763.22877201665     
       -2047   443764.65024310042     
       -2046   443766.07199979847     
       -2045   443767.50014873396     
       -2044   443768.92463461758     
       -2043   443770.34150099644     
       -2042   443771.76544327941     
       -2041   443773.19428411929     
       -2040   443774.62080811500     
       -2039   443776.04178541852     
       -2038   443777.46885526378     
       -2037   443778.89536508051     
       -2036   443780.31306055066     
       -2035   443781.73708568822     
       -2034   443783.15935653320     
       -2033   443784.58474972873     
       -2032   443786.00710224058     
       -2031   443787.43005066784     
       -2030   443788.85942794150     
       -2029   443790.27955694683     
       -2028   443791.70865241403     
       -2027   443793.13629839692     
       -2026   443794.56077797094     
       -2025   443795.98989583645     
       -2024   443797.41073904483     
       -2023   443798.83461742778     
       -2022   443800.25954128476     
       -2021   443801.68445047253     
       -2020   443803.11303560180     
       -2019   443804.53655398107     
       -2018   443805.95892604085     
       -2017   443807.38497427985     
       -2016   443808.80844330526     
       -2015   443810.22738985345     
       -2014   443811.65555404837     
       -2013   443813.07924575335     
       -2012   443814.49953116785     
       -2011   443815.92592343321     
       -2010   443817.35064106295     
       -2009   443818.77797638334     
       -2008   443820.20565433899     
       -2007   443821.62598588690     
       -2006   443823.05389212060     
       -2005   443824.47939164698     
       -2004   443825.90327063709     
       -2003   443827.33276809298     
       -2002   443828.75261184108     
       -2001   443830.17537263135     
       -2000   443831.59753321094     
       -1999   443833.02781337727     
       -1998   443834.45348622242     
       -1997   443835.88038274867     
       -1996   443837.30304508755     
       -1995   443838.72690548305     
       -1994   443840.15095897956     
       -1993   443841.57521729375     
       -1992   443842.99992226885     
       -1991   443844.42206629744     
       -1990   443845.84917060292     
       -1989   443847.27507268445     
       -1988   443848.70533996541     
       -1987   443850.13593996974     
       -1986   443851.56035063212     
       -1985   443852.98766630451     
       -1984   443854.42090976436     
       -1983   443855.84766217938     
       -1982   443857.27185838722     
       -1981   443858.70029484801     
       -1980   443860.12590892491     
       -1979   443861.55040541629     
       -1978   443862.98087715777     
       -1977   443864.40174897236     
       -1976   443865.82610564242     
       -1975   443867.25746977294     
       -1974   443868.68178590201     
       -1973   443870.10443512630     
       -1972   443871.53271660872     
       -1971   443872.95406156511     
       -1970   443874.38176013762     
       -1969   443875.80737172009     
       -1968   443877.23034017981     
       -1967   443878.65930415585     
       -1966   443880.08778090443     
       -1965   443881.51267043775     
       -1964   443882.94174967561     
       -1963   443884.36655026709     
       -1962   443885.79393698135     
       -1961   443887.22481963178     
       -1960   443888.65151612629     
       -1959   443890.07303334138     
       -1958   443891.50499039580     
       -1957   443892.92838897510     
       -1956   443894.35350667208     
       -1955   443895.78201502707     
       -1954   443897.21125354397     
       -1953   443898.64119719213     
       -1952   443900.06892162492     
       -1951   443901.49683966051     
       -1950   443902.92705856735     
       -1949   443904.35275071627     
       -1948   443905.77925231069     
       -1947   443907.20895563072     
       -1946   443908.63491802203     
       -1945   443910.06062329363     
       -1944   443911.48889369902     
       -1943   443912.91463592020     
       -1942   443914.34187302942     
       -1941   443915.76286392706     
       -1940   443917.18894744647     
       -1939   443918.61852093670     
       -1938   443920.04441611486     
       -1937   443921.47605634114     
       -1936   443922.90291673789     
       -1935   443924.33220733149     
       -1934   443925.75395402097     
       -1933   443927.17833452101     
       -1932   443928.60781776113     
       -1931   443930.03236551554     
       -1930   443931.46499839582     
       -1929   443932.89337632392     
       -1928   443934.31608382665     
       -1927   443935.74052465218     
       -1926   443937.16923482990     
       -1925   443938.59489134693     
       -1924   443940.02626810624     
       -1923   443941.45116336102     
       -1922   443942.88119067671     
       -1921   443944.30713565549     
       -1920   443945.73750713095     
       -1919   443947.16161512618     
       -1918   443948.58964855503     
       -1917   443950.01898017217     
       -1916   443951.44807609887     
       -1915   443952.87651853246     
       -1914   443954.30261361768     
       -1913   443955.73307164491     
       -1912   443957.16303316166     
       -1911   443958.58989964880     
       -1910   443960.01782042859     
       -1909   443961.44718709053     
       -1908   443962.87632094143     
       -1907   443964.30746167118     
       -1906   443965.73516370781     
       -1905   443967.16489668383     
       -1904   443968.58755604259     
       -1903   443970.01823828678     
       -1902   443971.44932036847     
       -1901   443972.87004388456     
       -1900   443974.30027482321     
       -1899   443975.72644215450     
       -1898   443977.15791704145     
       -1897   443978.58918199374     
       -1896   443980.01515179337     
       -1895   443981.44242384122     
       -1894   443982.87273487652     
       -1893   443984.30157536548     
       -1892   443985.73312941252     
       -1891   443987.16454266553     
       -1890   443988.59331734030     
       -1889   443990.02290002309     
       -1888   443991.44567524147     
       -1887   443992.87685269816     
       -1886   443994.30291416950     
       -1885   443995.73459946032     
       -1884   443997.16501110588     
       -1883   443998.59098828374     
       -1882   444000.02447578125     
       -1881   444001.45483664208     
       -1880   444002.88468050666     
       -1879   444004.31262344896     
       -1878   444005.74502423854     
       -1877   444007.17788599955     
       -1876   444008.60417193366     
       -1875   444010.03720450884     
       -1874   444011.47170326108     
       -1873   444012.90138856653     
       -1872   444014.33507977816     
       -1871   444015.76228219387     
       -1870   444017.19260073820     
       -1869   444018.62836834975     
       -1868   444020.05939643027     
       -1867   444021.48952542589     
       -1866   444022.92005904397     
       -1865   444024.35138753592     
       -1864   444025.77993474685     
       -1863   444027.20688289037     
       -1862   444028.63565695728     
       -1861   444030.06607074448     
       -1860   444031.49996818596     
       -1859   444032.92858644982     
       -1858   444034.35933082434     
       -1857   444035.79321302933     
       -1856   444037.22632201691     
       -1855   444038.65932409884     
       -1854   444040.09104013309     
       -1853   444041.51848562475     
       -1852   444042.94890812226     
       -1851   444044.37883709837     
       -1850   444045.81191570876     
       -1849   444047.23894491850     
       -1848   444048.66931734141     
       -1847   444050.10597234411     
       -1846   444051.53749299719     
       -1845   444052.96903498820     
       -1844   444054.39462845563     
       -1843   444055.82671417086     
       -1842   444057.25933751930     
       -1841   444058.69031062379     
       -1840   444060.12473379006     
       -1839   444061.55600816390     
       -1838   444062.98740426765     
       -1837   444064.41741990007     
       -1836   444065.84552712756     
       -1835   444067.28170207265     
       -1834   444068.71466623317     
       -1833   444070.15047223849     
       -1832   444071.58662036480     
       -1831   444073.01686429069     
       -1830   444074.44592553872     
       -1829   444075.87814118323     
       -1828   444077.31103702547     
       -1827   444078.74208538071     
       -1826   444080.16813289875     
       -1825   444081.59878571203     
       -1824   444083.03166595526     
       -1823   444084.46843194956     
       -1822   444085.90048487840     
       -1821   444087.33250550373     
       -1820   444088.76679312007     
       -1819   444090.19978935365     
       -1818   444091.63416412141     
       -1817   444093.06933771900     
       -1816   444094.50299473823     
       -1815   444095.93591823993     
       -1814   444097.36730429664     
       -1813   444098.79909115838     
       -1812   444100.23410726251     
       -1811   444101.66582889651     
       -1810   444103.09459771891     
       -1809   444104.52974734211     
       -1808   444105.96633486327     
       -1807   444107.39928579715     
       -1806   444108.83247431729     
       -1805   444110.26272503281     
       -1804   444111.69834493002     
       -1803   444113.13678926020     
       -1802   444114.56819179602     
       -1801   444116.00069794588     
       -1800   444117.43416851078     
       -1799   444118.86650325701     
       -1798   444120.29995498486     
       -1797   444121.73057525588     
       -1796   444123.16448142321     
       -1795   444124.59732434683     
       -1794   444126.03438631835     
       -1793   444127.46592403529     
       -1792   444128.90297171217     
       -1791   444130.33296110661     
       -1790   444131.76464379003     
       -1789   444133.19981379434     
       -1788   444134.63163736148     
       -1787   444136.07038079336     
       -1786   444137.50214975112     
       -1785   444138.93594694894     
       -1784   444140.37356792466     
       -1783   444141.80501788738     
       -1782   444143.24024892977     
       -1781   444144.67156288493     
       -1780   444146.10834208992     
       -1779   444147.54174746142     
       -1778   444148.97359284892     
       -1777   444150.40805190097     
       -1776   444151.84376227745     
       -1775   444153.27565783384     
       -1774   444154.71692516189     
       -1773   444156.14912196156     
       -1772   444157.58971838426     
       -1771   444159.02235185233     
       -1770   444160.45457096642     
       -1769   444161.88783791481     
       -1768   444163.32176374045     
       -1767   444164.75722425908     
       -1766   444166.19458115404     
       -1765   444167.62917693332     
       -1764   444169.06436887081     
       -1763   444170.50515518349     
       -1762   444171.93761759519     
       -1761   444173.37026549288     
       -1760   444174.80143637769     
       -1759   444176.23702587315     
       -1758   444177.67566762335     
       -1757   444179.10612804524     
       -1756   444180.54333892307     
       -1755   444181.97528802342     
       -1754   444183.40909153828     
       -1753   444184.84435882827     
       -1752   444186.28683349799     
       -1751   444187.72113448923     
       -1750   444189.15501262556     
       -1749   444190.59326157870     
       -1748   444192.03254764830     
       -1747   444193.46912860626     
       -1746   444194.90477355849     
       -1745   444196.33867625007     
       -1744   444197.77653907577     
       -1743   444199.21161728504     
       -1742   444200.64599489566     
       -1741   444202.08096022927     
       -1740   444203.51339617802     
       -1739   444204.95074199809     
       -1738   444206.38665563165     
       -1737   444207.82127500459     
       -1736   444209.25846169773     
       -1735   444210.69580061460     
       -1734   444212.13041928451     
       -1733   444213.56675039820     
       -1732   444215.00427883217     
       -1731   444216.43753268488     
       -1730   444217.87428210757     
       -1729   444219.30514865415     
       -1728   444220.74443222227     
       -1727   444222.18209752213     
       -1726   444223.62152317283     
       -1725   444225.05817543151     
       -1724   444226.49341899349     
       -1723   444227.93309117993     
       -1722   444229.37300892861     
       -1721   444230.80562630878     
       -1720   444232.24191640469     
       -1719   444233.67771131295     
       -1718   444235.11151865055     
       -1717   444236.54695055634     
       -1716   444237.98856180633     
       -1715   444239.42259932798     
       -1714   444240.85895929084     
       -1713   444242.29778997588     
       -1712   444243.72911036108     
       -1711   444245.16557319253     
       -1710   444246.60245266132     
       -1709   444248.03902909503     
       -1708   444249.47719961230     
       -1707   444250.91206480906     
       -1706   444252.34900603408     
       -1705   444253.78421598440     
       -1704   444255.21743358119     
       -1703   444256.65152546536     
       -1702   444258.09088459902     
       -1701   444259.52225530025     
       -1700   444260.96061655023     
       -1699   444262.39684237202     
       -1698   444263.83262416342     
       -1697   444265.26600591582     
       -1696   444266.70164954441     
       -1695   444268.13622195524     
       -1694   444269.56832614139     
       -1693   444271.00586102519     
       -1692   444272.44472842390     
       -1691   444273.87767697795     
       -1690   444275.31259652850     
       -1689   444276.75121728872     
       -1688   444278.18447720376     
       -1687   444279.61998517672     
       -1686   444281.05716993252     
       -1685   444282.49277219316     
       -1684   444283.92577330378     
       -1683   444285.36560379178     
       -1682   444286.79793328571     
       -1681   444288.23300446401     
       -1680   444289.66966697830     
       -1679   444291.11045542959     
       -1678   444292.54864345724     
       -1677   444293.98199148284     
       -1676   444295.41695180949     
       -1675   444296.85437654820     
       -1674   444298.28517180705     
       -1673   444299.71921623638     
       -1672   444301.15501936770     
       -1671   444302.59075980447     
       -1670   444304.02909672225     
       -1669   444305.46585279668     
       -1668   444306.89692570298     
       -1667   444308.33519766375     
       -1666   444309.77131442435     
       -1665   444311.20961832581     
       -1664   444312.64376279019     
       -1663   444314.08132449485     
       -1662   444315.51725805429     
       -1661   444316.95376988995     
       -1660   444318.38912549656     
       -1659   444319.82707605342     
       -1658   444321.26099304436     
       -1657   444322.69913387613     
       -1656   444324.13423021545     
       -1655   444325.56974237901     
       -1654   444327.00749052985     
       -1653   444328.44016263541     
       -1652   444329.87390166707     
       -1651   444331.31370153144     
       -1650   444332.74509928445     
       -1649   444334.18008916470     
       -1648   444335.61758673610     
       -1647   444337.05494805885     
       -1646   444338.49386516778     
       -1645   444339.92810475710     
       -1644   444341.36034244933     
       -1643   444342.79874124692     
       -1642   444344.23226462177     
       -1641   444345.66638999130     
       -1640   444347.10262967495     
       -1639   444348.53921898565     
       -1638   444349.97240858414     
       -1637   444351.40871549188     
       -1636   444352.83968347975     
       -1635   444354.27550270606     
       -1634   444355.71330819378     
       -1633   444357.14907223138     
       -1632   444358.58254327491     
       -1631   444360.01908943319     
       -1630   444361.45089476532     
       -1629   444362.88271988690     
       -1628   444364.31872589531     
       -1627   444365.75692097645     
       -1626   444367.18635106157     
       -1625   444368.62247926032     
       -1624   444370.05465914548     
       -1623   444371.49000154721     
       -1622   444372.92461700056     
       -1621   444374.36078466778     
       -1620   444375.79313538311     
       -1619   444377.22951201734     
       -1618   444378.65897846862     
       -1617   444380.09338613146     
       -1616   444381.52649691654     
       -1615   444382.95868097059     
       -1614   444384.39092141064     
       -1613   444385.82258868683     
       -1612   444387.25081476104     
       -1611   444388.68364850333     
       -1610   444390.12079631485     
       -1609   444391.55311508593     
       -1608   444392.98540987144     
       -1607   444394.41916676873     
       -1606   444395.85092226823     
       -1605   444397.28687846748     
       -1604   444398.71847039892     
       -1603   444400.15313685505     
       -1602   444401.58167991007     
       -1601   444403.01605145773     
       -1600   444404.44891978626     
       -1599   444405.87883683434     
       -1598   444407.31252327486     
       -1597   444408.74604749156     
       -1596   444410.17602853139     
       -1595   444411.61131894350     
       -1594   444413.04665467987     
       -1593   444414.47801463999     
       -1592   444415.90834129229     
       -1591   444417.34246046725     
       -1590   444418.77095726290     
       -1589   444420.20018361794     
       -1588   444421.63522607321     
       -1587   444423.06610597629     
       -1586   444424.49714347074     
       -1585   444425.92959598679     
       -1584   444427.35886227904     
       -1583   444428.79447145201     
       -1582   444430.23112263758     
       -1581   444431.66615890892     
       -1580   444433.09494109062     
       -1579   444434.52628842037     
       -1578   444435.95691405144     
       -1577   444437.39040035172     
       -1576   444438.82106448774     
       -1575   444440.25172028848     
       -1574   444441.68313544942     
       -1573   444443.11615957780     
       -1572   444444.55036138213     
       -1571   444445.98182075849     
       -1570   444447.41172446252     
       -1569   444448.84638937743     
       -1568   444450.27839854470     
       -1567   444451.71177838749     
       -1566   444453.14542252052     
       -1565   444454.58017731400     
       -1564   444456.00856442703     
       -1563   444457.44358934404     
       -1562   444458.87190481968     
       -1561   444460.30461612233     
       -1560   444461.73681651964     
       -1559   444463.16698365973     
       -1558   444464.59749770758     
       -1557   444466.02898712724     
       -1556   444467.46582737711     
       -1555   444468.89318870404     
       -1554   444470.32299406274     
       -1553   444471.75314105762     
       -1552   444473.18262514105     
       -1551   444474.61256007571     
       -1550   444476.04322875070     
       -1549   444477.47274538066     
       -1548   444478.90493957617     
       -1547   444480.33667278744     
       -1546   444481.76649113221     
       -1545   444483.19845096767     
       -1544   444484.63109194522     
       -1543   444486.06001251464     
       -1542   444487.48848189571     
       -1541   444488.91555210238     
       -1540   444490.34390691679     
       -1539   444491.77495933021     
       -1538   444493.20720836776     
       -1537   444494.63668900018     
       -1536   444496.06897592760     
       -1535   444497.50018341572     
       -1534   444498.93059650075     
       -1533   444500.35858856037     
       -1532   444501.78767222399     
       -1531   444503.21868541313     
       -1530   444504.64427552931     
       -1529   444506.07268137316     
       -1528   444507.50056626712     
       -1527   444508.92958710907     
       -1526   444510.35622257000     
       -1525   444511.78431272466     
       -1524   444513.21312781586     
       -1523   444514.63995937089     
       -1522   444516.06812535739     
       -1521   444517.49411540705     
       -1520   444518.92353499355     
       -1519   444520.35166282218     
       -1518   444521.77944685443     
       -1517   444523.20400104328     
       -1516   444524.63162354095     
       -1515   444526.05780434131     
       -1514   444527.48183793249     
       -1513   444528.91066635767     
       -1512   444530.33930477512     
       -1511   444531.76539567957     
       -1510   444533.19042609562     
       -1509   444534.61899489455     
       -1508   444536.04273976851     
       -1507   444537.46726748673     
       -1506   444538.89376812131     
       -1505   444540.31670522521     
       -1504   444541.74044961523     
       -1503   444543.16991998482     
       -1502   444544.59471794491     
       -1501   444546.02101317956     
       -1500   444547.44064532185     
       -1499   444548.86815637595     
       -1498   444550.29186214699     
       -1497   444551.71855650138     
       -1496   444553.13965731394     
       -1495   444554.56388522056     
       -1494   444555.98747833492     
       -1493   444557.41019538650     
       -1492   444558.83375762415     
       -1491   444560.25596661039     
       -1490   444561.67859188066     
       -1489   444563.10212551989     
       -1488   444564.52699762856     
       -1487   444565.94947232382     
       -1486   444567.36955842184     
       -1485   444568.79137771251     
       -1484   444570.21295356023     
       -1483   444571.63343924819     
       -1482   444573.06133641384     
       -1481   444574.48651550681     
       -1480   444575.90970749065     
       -1479   444577.33574142121     
       -1478   444578.75550195831     
       -1477   444580.17632430495     
       -1476   444581.59849418257     
       -1475   444583.01557989849     
       -1474   444584.43469969934     
       -1473   444585.85650145897     
       -1472   444587.27684053103     
       -1471   444588.69579652412     
       -1470   444590.11464117718     
       -1469   444591.53225653822     
       -1468   444592.95409585349     
       -1467   444594.36974234181     
       -1466   444595.78886546387     
       -1465   444597.20801636664     
       -1464   444598.62854997627     
       -1463   444600.04850900732     
       -1462   444601.46512409236     
       -1461   444602.88440230972     
       -1460   444604.30052923452     
       -1459   444605.71834679047     
       -1458   444607.13909581571     
       -1457   444608.55385563767     
       -1456   444609.97285777435     
       -1455   444611.39303912362     
       -1454   444612.81138537027     
       -1453   444614.22787957184     
       -1452   444615.64517223992     
       -1451   444617.06314129394     
       -1450   444618.48127011023     
       -1449   444619.89868164150     
       -1448   444621.31826694187     
       -1447   444622.73379376926     
       -1446   444624.15192948806     
       -1445   444625.56880863640     
       -1444   444626.98590974067     
       -1443   444628.40106059221     
       -1442   444629.81679543352     
       -1441   444631.23568408494     
       -1440   444632.65222657635     
       -1439   444634.06960686669     
       -1438   444635.48238388612     
       -1437   444636.89628636034     
       -1436   444638.31060285226     
       -1435   444639.72627295705     
       -1434   444641.14016935916     
       -1433   444642.55532949499     
       -1432   444643.97096636111     
       -1431   444645.38104960561     
       -1430   444646.79620460235     
       -1429   444648.21133112797     
       -1428   444649.62462742149     
       -1427   444651.03715636727     
       -1426   444652.44818435726     
       -1425   444653.86040645262     
       -1424   444655.27252555767     
       -1423   444656.68164845335     
       -1422   444658.09317353932     
       -1421   444659.50382852287     
       -1420   444660.91834242357     
       -1419   444662.33077707601     
       -1418   444663.74283503211     
       -1417   444665.15196590748     
       -1416   444666.55900443823     
       -1415   444667.96732814953     
       -1414   444669.37985495571     
       -1413   444670.78951405140     
       -1412   444672.19988340244     
       -1411   444673.61007595627     
       -1410   444675.01849254902     
       -1409   444676.43067959568     
       -1408   444677.83666300558     
       -1407   444679.24426621513     
       -1406   444680.65558542078     
       -1405   444682.06671890750     
       -1404   444683.47436992562     
       -1403   444684.88118064712     
       -1402   444686.28835340525     
       -1401   444687.69442072487     
       -1400   444689.10393784899     
       -1399   444690.51071744965     
       -1398   444691.92286874232     
       -1397   444693.33110485139     
       -1396   444694.73873502173     
       -1395   444696.14725625986     
       -1394   444697.55609961919     
       -1393   444698.96085421724     
       -1392   444700.36199342401     
       -1391   444701.76892692875     
       -1390   444703.17681280716     
       -1389   444704.58478485356     
       -1388   444705.99043352838     
       -1387   444707.39416040771     
       -1386   444708.79742275056     
       -1385   444710.19940549403     
       -1384   444711.60434128373     
       -1383   444713.00530978676     
       -1382   444714.41007796960     
       -1381   444715.81404781644     
       -1380   444717.21910126688     
       -1379   444718.62344148883     
       -1378   444720.02545940969     
       -1377   444721.42661685671     
       -1376   444722.82921806269     
       -1375   444724.22900461446     
       -1374   444725.62860270514     
       -1373   444727.02585223771     
       -1372   444728.42383788305     
       -1371   444729.82754223677     
       -1370   444731.22821046901     
       -1369   444732.62537810754     
       -1368   444734.02379017527     
       -1367   444735.42231918091     
       -1366   444736.82351514301     
       -1365   444738.22083454102     
       -1364   444739.61980914802     
       -1363   444741.01782937231     
       -1362   444742.41231313150     
       -1361   444743.81137775839     
       -1360   444745.20884329046     
       -1359   444746.60726739909     
       -1358   444748.00160561048     
       -1357   444749.40041140997     
       -1356   444750.79770101176     
       -1355   444752.19060108211     
       -1354   444753.58806485165     
       -1353   444754.98347796686     
       -1352   444756.37729773851     
       -1351   444757.76883596834     
       -1350   444759.16432071629     
       -1349   444760.55966911704     
       -1348   444761.95180970890     
       -1347   444763.34306384658     
       -1346   444764.73972460517     
       -1345   444766.13480168558     
       -1344   444767.52922227606     
       -1343   444768.92176744691     
       -1342   444770.31425433664     
       -1341   444771.70691646199     
       -1340   444773.09829614125     
       -1339   444774.49170440889     
       -1338   444775.88464583457     
       -1337   444777.28063507733     
       -1336   444778.66811542190     
       -1335   444780.05901325773     
       -1334   444781.44733175152     
       -1333   444782.83956627181     
       -1332   444784.22891865909     
       -1331   444785.62020594405     
       -1330   444787.00719310832     
       -1329   444788.39336808946     
       -1328   444789.78053134086     
       -1327   444791.16840566293     
       -1326   444792.55498572049     
       -1325   444793.94145445118     
       -1324   444795.32925926847     
       -1323   444796.71815641248     
       -1322   444798.10600021930     
       -1321   444799.49441228696     
       -1320   444800.87893038086     
       -1319   444802.26723375259     
       -1318   444803.65401503030     
       -1317   444805.03838627296     
       -1316   444806.42124653509     
       -1315   444807.80736132781     
       -1314   444809.19005803205     
       -1313   444810.57364141743     
       -1312   444811.95665951131     
       -1311   444813.33994404663     
       -1310   444814.72001563828     
       -1309   444816.10434920026     
       -1308   444817.48372843448     
       -1307   444818.86408851284     
       -1306   444820.24923020677     
       -1305   444821.63228691893     
       -1304   444823.01570259454     
       -1303   444824.39637082076     
       -1302   444825.77903128765     
       -1301   444827.15840802179     
       -1300   444828.53575568704     
       -1299   444829.91539288510     
       -1298   444831.29448757268     
       -1297   444832.67437975551     
       -1296   444834.05150879890     
       -1295   444835.43215021439     
       -1294   444836.81005613803     
       -1293   444838.18626535364     
       -1292   444839.56571420148     
       -1291   444840.94803410256     
       -1290   444842.32638075191     
       -1289   444843.69979403698     
       -1288   444845.07584005530     
       -1287   444846.44855036406     
       -1286   444847.82392987463     
       -1285   444849.20050113800     
       -1284   444850.57661986660     
       -1283   444851.95294829458     
       -1282   444853.32720331853     
       -1281   444854.70122159203     
       -1280   444856.07211466972     
       -1279   444857.44621818600     
       -1278   444858.81977189495     
       -1277   444860.18954715459     
       -1276   444861.55955414713     
       -1275   444862.93226754625     
       -1274   444864.30577261891     
       -1273   444865.67323891370     
       -1272   444867.04533517902     
       -1271   444868.41594503325     
       -1270   444869.78245025052     
       -1269   444871.15274967096     
       -1268   444872.52187964600     
       -1267   444873.88926665566     
       -1266   444875.26056170225     
       -1265   444876.62844737159     
       -1264   444877.99356011074     
       -1263   444879.36424898152     
       -1262   444880.73324042989     
       -1261   444882.09909322043     
       -1260   444883.46697280940     
       -1259   444884.82960372849     
       -1258   444886.19370974862     
       -1257   444887.56028983259     
       -1256   444888.92726163851     
       -1255   444890.29168497550     
       -1254   444891.65351101244     
       -1253   444893.01337316615     
       -1252   444894.37218284758     
       -1251   444895.73760219011     
       -1250   444897.09593429760     
       -1249   444898.45361733023     
       -1248   444899.81587058445     
       -1247   444901.17312945856     
       -1246   444902.53371201485     
       -1245   444903.89379745274     
       -1244   444905.25431466819     
       -1243   444906.61150356370     
       -1242   444907.96650627925     
       -1241   444909.32633280713     
       -1240   444910.68533702951     
       -1239   444912.04420498258     
       -1238   444913.40216123790     
       -1237   444914.75694675359     
       -1236   444916.11826232221     
       -1235   444917.47149764228     
       -1234   444918.82761449722     
       -1233   444920.18634226493     
       -1232   444921.54199908493     
       -1231   444922.89483422640     
       -1230   444924.24843635550     
       -1229   444925.59919010865     
       -1228   444926.95252162701     
       -1227   444928.30394545966     
       -1226   444929.65889309003     
       -1225   444931.01077646669     
       -1224   444932.36214866204     
       -1223   444933.71163364989     
       -1222   444935.06300274970     
       -1221   444936.41206491989     
       -1220   444937.76264629269     
       -1219   444939.11599593842     
       -1218   444940.46438646852     
       -1217   444941.80932661280     
       -1216   444943.15570013120     
       -1215   444944.50675523741     
       -1214   444945.85425384709     
       -1213   444947.20182912092     
       -1212   444948.54867613554     
       -1211   444949.89174993150     
       -1210   444951.23533681134     
       -1209   444952.57999692904     
       -1208   444953.92396195064     
       -1207   444955.26404228859     
       -1206   444956.60649965471     
       -1205   444957.94908945682     
       -1204   444959.29060376750     
       -1203   444960.63344749942     
       -1202   444961.97440104670     
       -1201   444963.31554199371     
       -1200   444964.65657254291     
       -1199   444965.99556832667     
       -1198   444967.33774972393     
       -1197   444968.67796346499     
       -1196   444970.01722746011     
       -1195   444971.35617804446     
       -1194   444972.69718857226     
       -1193   444974.03238181747     
       -1192   444975.37339235132     
       -1191   444976.71387109463     
       -1190   444978.05206125230     
       -1189   444979.38634289487     
       -1188   444980.72339710622     
       -1187   444982.05717127136     
       -1186   444983.39089489367     
       -1185   444984.72590430448     
       -1184   444986.05743650935     
       -1183   444987.38794421556     
       -1182   444988.71985060541     
       -1181   444990.05034819694     
       -1180   444991.38036666805     
       -1179   444992.71228569542     
       -1178   444994.04472473287     
       -1177   444995.37386285362     
       -1176   444996.70245689410     
       -1175   444998.03228154499     
       -1174   444999.36229252192     
       -1173   445000.68883652455     
       -1172   445002.02019337198     
       -1171   445003.34532450046     
       -1170   445004.67256707628     
       -1169   445005.99902954331     
       -1168   445007.32476387109     
       -1167   445008.64786296460     
       -1166   445009.97067476343     
       -1165   445011.29451487988     
       -1164   445012.61847764906     
       -1163   445013.94501630281     
       -1162   445015.26836002816     
       -1161   445016.58859630796     
       -1160   445017.91301373689     
       -1159   445019.23495114950     
       -1158   445020.55511865532     
       -1157   445021.87572843255     
       -1156   445023.19203487271     
       -1155   445024.51366613811     
       -1154   445025.83239895874     
       -1153   445027.15279379208     
       -1152   445028.47259520297     
       -1151   445029.78735847492     
       -1150   445031.10323109472     
       -1149   445032.42044875916     
       -1148   445033.73861640948     
       -1147   445035.05407978717     
       -1146   445036.37027118384     
       -1145   445037.68261033355     
       -1144   445038.99573948892     
       -1143   445040.30751120584     
       -1142   445041.62056740304     
       -1141   445042.93143444619     
       -1140   445044.24080254289     
       -1139   445045.55249807931     
       -1138   445046.86064284411     
       -1137   445048.17150690977     
       -1136   445049.47979233792     
       -1135   445050.78710347443     
       -1134   445052.09332682332     
       -1133   445053.39691862103     
       -1132   445054.70322494843     
       -1131   445056.00837017497     
       -1130   445057.31533704529     
       -1129   445058.62153679196     
       -1128   445059.92269220017     
       -1127   445061.23124001035     
       -1126   445062.53408413305     
       -1125   445063.83673657931     
       -1124   445065.14158830314     
       -1123   445066.44501154689     
       -1122   445067.74553859141     
       -1121   445069.04639204283     
       -1120   445070.34735756478     
       -1119   445071.64729012875     
       -1118   445072.94361385930     
       -1117   445074.24272388482     
       -1116   445075.53989495820     
       -1115   445076.83827946230     
       -1114   445078.13518971205     
       -1113   445079.43339444266     
       -1112   445080.72547647817     
       -1111   445082.02019327396     
       -1110   445083.31694127881     
       -1109   445084.60945937381     
       -1108   445085.89982240577     
       -1107   445087.19115330005     
       -1106   445088.48156318942     
       -1105   445089.77328091866     
       -1104   445091.06234672270     
       -1103   445092.35327408696     
       -1102   445093.64033657231     
       -1101   445094.92943110573     
       -1100   445096.21699128713     
       -1099   445097.50297171721     
       -1098   445098.78538074996     
       -1097   445100.07296692993     
       -1096   445101.36230071838     
       -1095   445102.64868370589     
       -1094   445103.93230547267     
       -1093   445105.21659466857     
       -1092   445106.49708228989     
       -1091   445107.77773525048     
       -1090   445109.06098411360     
       -1089   445110.34132893413     
       -1088   445111.62601689267     
       -1087   445112.90369879955     
       -1086   445114.18497546547     
       -1085   445115.46208636160     
       -1084   445116.73918402754     
       -1083   445118.01647445484     
       -1082   445119.29266112176     
       -1081   445120.56759084360     
       -1080   445121.84172126511     
       -1079   445123.11955839157     
       -1078   445124.39543832326     
       -1077   445125.67062350654     
       -1076   445126.94393221574     
       -1075   445128.21533239173     
       -1074   445129.48895165732     
       -1073   445130.75686423801     
       -1072   445132.02452755679     
       -1071   445133.29356585315     
       -1070   445134.56504864153     
       -1069   445135.83168842568     
       -1068   445137.09592340700     
       -1067   445138.36592441681     
       -1066   445139.62972773478     
       -1065   445140.89626512903     
       -1064   445142.16213637003     
       -1063   445143.43045747740     
       -1062   445144.69296832295     
       -1061   445145.95840876148     
       -1060   445147.22006906307     
       -1059   445148.48572716833     
       -1058   445149.75183195545     
       -1057   445151.01069929230     
       -1056   445152.27043042390     
       -1055   445153.53210907325     
       -1054   445154.79255795712     
       -1053   445156.05133065284     
       -1052   445157.30340498296     
       -1051   445158.56021800207     
       -1050   445159.81647382234     
       -1049   445161.07166034565     
       -1048   445162.32660520915     
       -1047   445163.58051368518     
       -1046   445164.83213716606     
       -1045   445166.08565689623     
       -1044   445167.33629547164     
       -1043   445168.58782690909     
       -1042   445169.83807886700     
       -1041   445171.08906421630     
       -1040   445172.33677464200     
       -1039   445173.59026385995     
       -1038   445174.83736167155     
       -1037   445176.08297091932     
       -1036   445177.32873096841     
       -1035   445178.57597563521     
       -1034   445179.82224970113     
       -1033   445181.06720604090     
       -1032   445182.30851506145     
       -1031   445183.55014318699     
       -1030   445184.79165949498     
       -1029   445186.03148922935     
       -1028   445187.27194935043     
       -1027   445188.51337517734     
       -1026   445189.74864623701     
       -1025   445190.98672217870     
       -1024   445192.22486809565     
       -1023   445193.45972633018     
       -1022   445194.69409282872     
       -1021   445195.93152145919     
       -1020   445197.16497278167     
       -1019   445198.39557750564     
       -1018   445199.62915912853     
       -1017   445200.86227535940     
       -1016   445202.09122953046     
       -1015   445203.32085257786     
       -1014   445204.54787387588     
       -1013   445205.77853665198     
       -1012   445207.00500638026     
       -1011   445208.23467412480     
       -1010   445209.46160720981     
       -1009   445210.68726522976     
       -1008   445211.90944985708     
       -1007   445213.13293409348     
       -1006   445214.35550733347     
       -1005   445215.57615675899     
       -1004   445216.79701267631     
       -1003   445218.01875836827     
       -1002   445219.24085203011     
       -1001   445220.46136712417     
       -1000   445221.68203385465     
        -999   445222.89944271941     
        -998   445224.11717713071     
        -997   445225.33522960061     
        -996   445226.55352072115     
        -995   445227.77144646994     
        -994   445228.98436590406     
        -993   445230.19885879039     
        -992   445231.41195859067     
        -991   445232.62591729342     
        -990   445233.83674269571     
        -989   445235.04774476873     
        -988   445236.26082858938     
        -987   445237.47174412158     
        -986   445238.68189920939     
        -985   445239.89118753804     
        -984   445241.09863634710     
        -983   445242.30597726541     
        -982   445243.51244950667     
        -981   445244.71308120905     
        -980   445245.91381947999     
        -979   445247.11793911230     
        -978   445248.31922002602     
        -977   445249.51737229177     
        -976   445250.71767747775     
        -975   445251.91960903030     
        -974   445253.11804561422     
        -973   445254.31576442893     
        -972   445255.51393446786     
        -971   445256.70959692093     
        -970   445257.90411820472     
        -969   445259.09882662172     
        -968   445260.29750937677     
        -967   445261.49376300361     
        -966   445262.68851554341     
        -965   445263.87990815553     
        -964   445265.07419578108     
        -963   445266.26277041994     
        -962   445267.45168087387     
        -961   445268.63985043298     
        -960   445269.82641365519     
        -959   445271.01348196424     
        -958   445272.19802124577     
        -957   445273.38211825822     
        -956   445274.56724119122     
        -955   445275.74764152215     
        -954   445276.93227747700     
        -953   445278.11239933706     
        -952   445279.29286785540     
        -951   445280.47048537782     
        -950   445281.64911092265     
        -949   445282.82731160993     
        -948   445283.99920040561     
        -947   445285.17909005756     
        -946   445286.35686480341     
        -945   445287.52697142615     
        -944   445288.70180075394     
        -943   445289.87439251842     
        -942   445291.04502031056     
        -941   445292.21404390485     
        -940   445293.38446224801     
        -939   445294.55189189885     
        -938   445295.72050874622     
        -937   445296.88498891704     
        -936   445298.05287025427     
        -935   445299.21708710305     
        -934   445300.38170258218     
        -933   445301.54678117804     
        -932   445302.70829471294     
        -931   445303.86907332111     
        -930   445305.03168691887     
        -929   445306.19093559473     
        -928   445307.35242301028     
        -927   445308.51104904705     
        -926   445309.66850791714     
        -925   445310.82030541444     
        -924   445311.97759190487     
        -923   445313.12928521330     
        -922   445314.28408070857     
        -921   445315.43752949988     
        -920   445316.58489217819     
        -919   445317.73831926420     
        -918   445318.88545007078     
        -917   445320.03192285367     
        -916   445321.18270408752     
        -915   445322.32789822062     
        -914   445323.47332112020     
        -913   445324.61779274081     
        -912   445325.76336894999     
        -911   445326.90788418555     
        -910   445328.04442968807     
        -909   445329.18439769122     
        -908   445330.32120175997     
        -907   445331.45809821144     
        -906   445332.59923531057     
        -905   445333.73721276899     
        -904   445334.87545426714     
        -903   445336.01084021409     
        -902   445337.14413977257     
        -901   445338.27780125267     
        -900   445339.40902513388     
        -899   445340.54154303810     
        -898   445341.66834294808     
        -897   445342.79825922014     
        -896   445343.92721836118     
        -895   445345.04967606260     
        -894   445346.17488487647     
        -893   445347.30131154502     
        -892   445348.42560840672     
        -891   445349.54830024147     
        -890   445350.66795176989     
        -889   445351.78891089436     
        -888   445352.90767871321     
        -887   445354.02739639708     
        -886   445355.14366918011     
        -885   445356.26321757800     
        -884   445357.37878129259     
        -883   445358.49564570084     
        -882   445359.60737862665     
        -881   445360.71744761104     
        -880   445361.83031622675     
        -879   445362.94159841799     
        -878   445364.05307897250     
        -877   445365.16341381578     
        -876   445366.27070297871     
        -875   445367.37832866592     
        -874   445368.48380608275     
        -873   445369.58933953173     
        -872   445370.69400453672     
        -871   445371.79778990994     
        -870   445372.89887219935     
        -869   445374.00150612340     
        -868   445375.10074626328     
        -867   445376.20097882941     
        -866   445377.30001167284     
        -865   445378.39473618509     
        -864   445379.48966524436     
        -863   445380.58476572688     
        -862   445381.67728437926     
        -861   445382.76943026925     
        -860   445383.86456210888     
        -859   445384.95440963353     
        -858   445386.03921603877     
        -857   445387.13001580589     
        -856   445388.21467606758     
        -855   445389.30056775763     
        -854   445390.38291964825     
        -853   445391.46764367714     
        -852   445392.55085722351     
        -851   445393.63044333918     
        -850   445394.71191225079     
        -849   445395.78997713060     
        -848   445396.86578121927     
        -847   445397.94177031820     
        -846   445399.01722832379     
        -845   445400.09197240957     
        -844   445401.16384664486     
        -843   445402.23516785941     
        -842   445403.30627819401     
        -841   445404.37510137225     
        -840   445405.44394077495     
        -839   445406.51149389549     
        -838   445407.57718438085     
        -837   445408.64149371069     
        -836   445409.70149553218     
        -835   445410.76376113185     
        -834   445411.82545035216     
        -833   445412.88526131853     
        -832   445413.94626246759     
        -831   445415.00368877215     
        -830   445416.05953877361     
        -829   445417.11557568464     
        -828   445418.17006753653     
        -827   445419.22116727853     
        -826   445420.27432433976     
        -825   445421.32661176694     
        -824   445422.37733743049     
        -823   445423.42713075649     
        -822   445424.47451760457     
        -821   445425.52122806368     
        -820   445426.56670958706     
        -819   445427.60983684572     
        -818   445428.65377151896     
        -817   445429.69459744595     
        -816   445430.73396891181     
        -815   445431.77473940240     
        -814   445432.81204782741     
        -813   445433.85032864392     
        -812   445434.88554864051     
        -811   445435.92092039011     
        -810   445436.95534311107     
        -809   445437.98931224062     
        -808   445439.02071729797     
        -807   445440.05213940592     
        -806   445441.08161697071     
        -805   445442.10652715754     
        -804   445443.13136306708     
        -803   445444.15720475133     
        -802   445445.18105408194     
        -801   445446.20619326533     
        -800   445447.22894718830     
        -799   445448.24990379962     
        -798   445449.26571354445     
        -797   445450.28080909949     
        -796   445451.29874506919     
        -795   445452.31382381811     
        -794   445453.32711121172     
        -793   445454.34113210923     
        -792   445455.35269251815     
        -791   445456.36288690433     
        -790   445457.37189659197     
        -789   445458.38252789859     
        -788   445459.38779560127     
        -787   445460.39350509614     
        -786   445461.39927050058     
        -785   445462.40050858166     
        -784   445463.40096381278     
        -783   445464.40070473624     
        -782   445465.40141769493     
        -781   445466.39975635643     
        -780   445467.39596309274     
        -779   445468.38924669032     
        -778   445469.38197847619     
        -777   445470.37394587317     
        -776   445471.36201942817     
        -775   445472.35299383418     
        -774   445473.33980449004     
        -773   445474.32706407993     
        -772   445475.31448902970     
        -771   445476.29901170288     
        -770   445477.28496488620     
        -769   445478.26650422410     
        -768   445479.24864806398     
        -767   445480.22797881311     
        -766   445481.20575388439     
        -765   445482.18489055638     
        -764   445483.16047240747     
        -763   445484.13309596112     
        -762   445485.10789591685     
        -761   445486.08065548952     
        -760   445487.04998732120     
        -759   445488.01802048186     
        -758   445488.98812837340     
        -757   445489.95310251013     
        -756   445490.91707599891     
        -755   445491.88215265423     
        -754   445492.84438438935     
        -753   445493.80656378192     
        -752   445494.76629545516     
        -751   445495.72483943630     
        -750   445496.67986603448     
        -749   445497.63395254768     
        -748   445498.58680488134     
        -747   445499.53852568060     
        -746   445500.48960037867     
        -745   445501.43946211814     
        -744   445502.38759853865     
        -743   445503.33404122537     
        -742   445504.27881427895     
        -741   445505.22183482547     
        -740   445506.16725660878     
        -739   445507.10983334639     
        -738   445508.04923482653     
        -737   445508.98836879741     
        -736   445509.92583671067     
        -735   445510.86320066452     
        -734   445511.79812726541     
        -733   445512.73302978143     
        -732   445513.66505673737     
        -731   445514.59582878184     
        -730   445515.52352915419     
        -729   445516.45363231539     
        -728   445517.37781851552     
        -727   445518.30160214112     
        -726   445519.22399328131     
        -725   445520.14148540393     
        -724   445521.06502930640     
        -723   445521.98231018550     
        -722   445522.89986596163     
        -721   445523.81532914989     
        -720   445524.72971027222     
        -719   445525.64302696538     
        -718   445526.55452798354     
        -717   445527.46527571848     
        -716   445528.37485521473     
        -715   445529.28100755491     
        -714   445530.18625127641     
        -713   445531.08990748494     
        -712   445531.99222427281     
        -711   445532.89287749177     
        -710   445533.79233337124     
        -709   445534.69005558646     
        -708   445535.58785624447     
        -707   445536.47986773885     
        -706   445537.37379193725     
        -705   445538.26785168110     
        -704   445539.15688473423     
        -703   445540.04640786198     
        -702   445540.93237807398     
        -701   445541.81849073345     
        -700   445542.70258839941     
        -699   445543.58446770592     
        -698   445544.46839477803     
        -697   445545.34896981163     
        -696   445546.22600479913     
        -695   445547.10136717209     
        -694   445547.97715463373     
        -693   445548.85305142152     
        -692   445549.72386560211     
        -691   445550.59507948678     
        -690   445551.46230379544     
        -689   445552.32941902766     
        -688   445553.19700025872     
        -687   445554.05942043930     
        -686   445554.91881842283     
        -685   445555.77943043469     
        -684   445556.63899685309     
        -683   445557.49604116305     
        -682   445558.35081644106     
        -681   445559.20600348304     
        -680   445560.05731024622     
        -679   445560.90762638400     
        -678   445561.75804993836     
        -677   445562.60631960974     
        -676   445563.45315388334     
        -675   445564.29915142135     
        -674   445565.14277622430     
        -673   445565.98507101537     
        -672   445566.82654624130     
        -671   445567.66278673889     
        -670   445568.49963473377     
        -669   445569.33714910730     
        -668   445570.16954391438     
        -667   445571.00175884279     
        -666   445571.83088088280     
        -665   445572.65966102248     
        -664   445573.48457234597     
        -663   445574.30953457725     
        -662   445575.13245642721     
        -661   445575.95571706718     
        -660   445576.77649862459     
        -659   445577.59729164391     
        -658   445578.41443278565     
        -657   445579.23012088967     
        -656   445580.04503437231     
        -655   445580.85639303445     
        -654   445581.66753867146     
        -653   445582.47709298960     
        -652   445583.28521607834     
        -651   445584.09145100205     
        -650   445584.89705412620     
        -649   445585.69842138456     
        -648   445586.50007891818     
        -647   445587.29935930052     
        -646   445588.09974403214     
        -645   445588.89613406954     
        -644   445589.69018962223     
        -643   445590.47928810416     
        -642   445591.24215529097     
        -641   445591.89107663569     
        -640   445592.22284799814     
